-0.026117669
0.001806685
-0.01778661
0.016883676
-0.030822473
-0.00986152
-0.001506497
0.02045646
-0.014506485
-0.018911305
0.029841733
0.006403174
0.016615823
-0.025740424
-0.010772544
-0.015775188
-0.003823365
-0.016674027
0.026015435
0.014816946
0.015582804
0.024785392
-0.004318884
-0.032441221
-0.004356221
-0.015778056
0.006001092
0.012330767
-0.011197765
0.004644457
0.029248707
0.006123272
-0.030811324
0.01773129
-0.01102194
0.012001252
0.001039469
0.017447586
0.008313196
0.025404165
0.024661455
-0.001871226
0.028093622
0.018913869
0.026240651
0.029213575
0.010751422
0.01489036
-0.011702502
0.013647979
0.01792862
-0.034764457
0.001671098
-0.027806645
0.017277822
0.041515112
0.023224723
0.036193037
0.00488773
-0.013102949
0.040954344
0.009217476
0.028101926
-0.015811293
-0.00623657
0.037655474
0.026089711
-0.031364747
0.016330002
-0.027956294
-0.013598559
-0.039481453
0.023119817
0.000222296
-0.000177833
0.013557584
0.031348364
0.005764682
-0.002623896
-0.015760465
-0.178171585
-0.158791538
-0.030799924
0.019215964
0.014774716
0.000240399
-0.045361759
0.030346644
0.030340857
0.047160016
-0.006570028
0.015394028
-0.030509397
0.011129712
0.007049489
0.000622965
-0.027435146
0.017077667
0.006841142
0.02723773
0.003642388
0.005712732
0.003553955
-0.041966538
-0.006796337
0.03679326
-0.013121505
0.011075666
-0.0066641
-0.021343905
0.011770168
0.005777607
0.009906581
0.012383548
0.022232153
0.005335338
-0.012960764
0.007999828
0.000694946
-0.002193394
-0.014239723
0.013114411
-0.013603449
-0.004903573
-0.006410805
-0.036726026
0.001424623
0.005111905
0.017799959
0.008699803
0.007584954
-0.006537228
0.026111144
-0.006248001
-0.004169041
-0.009485461
-0.010129456
0.016354222
-0.024632737
-0.011615966
-0.008673278
0.009181136
0.017226377
-0.005727807
0.022607932
0.031133425
0.024433479
0.050730962
0.027274418
-0.023506645
-0.006762743
-0.006115925
0.030212306
0.018028791
-0.034825333
0.011212893
0.003132608
-0.0219896
0.026215093
0.00306191
0.00576343
0.005447024
0.018161892
-0.010773102
-0.008617698
0.001653947
0.007385662
0.017745623
0.017209929
-0.021316332
0.042453655
0.015739356
-0.012200625
0.01885239
0.022536406
-0.006204601
0.015481888
-0.000461826
0.003981481
0.004465504
-0.013287979
-0.016422407
-0.008226954
-0.041189693
-0.02219326
-0.00373953
-0.000879202
0.019983249
-0.000136144
-0.005050401
0.028464792
0.042572545
0.013713584
-0.010743957
0.014759019
0.027947081
-0.020917833
-0.01621228
-0.040972953
0.025435198
-0.012875068
-0.00395163
-0.016937658
-0.00190472
-0.011191235
-0.00188493
0.010812365
0.010476855
-0.018821578
-0.007240705
-0.004342523
-0.02883555
-0.002663117
0.011720519
0.026645128
0.029413233
0.025295949
0.005314074
0.019648812
-0.014194138
0.000927292
-0.007654771
0.006347884
0.007062117
-0.018261487
-0.002135293
-0.044407069
0.000804146
-0.061895357
0.0098332
0.012296482
-0.004517624
-0.036362458
-0.03237038
0.042580448
0.007256787
-0.009367302
0.00292475
-0.018555739
0.00428287
-0.006382327
0.038496713
0.008429779
0.003863255
0.001995592
0.010056363
-0.010241832
-0.013162998
0.000281875
-0.035378229
0.012381064
0.034068164
0.019414512
0.032719272
0.012706651
0.022089641
0.046514208
-0.004767638
-0.002863339
0.009539801
0.021872172
-0.000119097
0.010348052
-0.022450531
0.008004846
0.005922234
-0.025771105
0.002720759
0.010889839
0.011407271
-0.000515699
-0.014105846
-0.019341548
0.004421344
0.024332886
0.020752708
0.007662873
0.003095139
0.003355125
0.004379401
-0.002648398
0.00853414
0.015277865
-0.014363718
-0.016506459
0.005481158
0.017703629
-0.022991277
-0.001975558
-0.006964873
0.006227882
-0.01678673
0.004841862
-0.029449639
-0.010203133
-0.009730539
-0.018152039
0.013934891
-0.012171888
0.044579396
-0.010483544
0.027978325
-0.005969459
0.007387396
0.002515823
-0.009229378
0.005137945
0.011094455
-0.002576416
-0.014171234
-0.023140733
8.11425E-05
-0.023105573
-0.006414283
0.098223289
-0.012347718
0.021659579
0.012603642
0.008045511
-0.003166191
-0.004916376
-0.006580561
-0.016852007
-0.014404681
-0.025649428
-0.015398693
-0.008577522
0.005565653
-0.040421563
0.014715929
-0.012666019
-0.038208187
0.02588753
-0.033777547
0.012179359
0.006249347
0.021591217
0.081597232
-0.01071404
-0.014161693
0.022625577
0.027202658
0.001774891
0.015462392
0.001892921
0.002666273
0.002068864
0.019914062
-0.00485966
-0.0065287
0.034030837
0.001802152
-0.00229743
-0.028971926
0.001237714
0.030031641
0.014475482
-0.020175722
-0.000852515
0.00106553
0.03543156
0.012969732
-0.022851882
-0.010190506
0.00630741
-0.019857515
0.007061927
0.009629432
-0.025517981
-0.000286031
0.022732671
-0.01447081
0.009600187
0.005639343
0.001361281
0.005600112
0.006120669
-0.00024135
-0.017988412
-0.005633223
-0.006446608
0.02460507
0.019604095
0.021791897
0.022205955
0.00182031
0.001914249
-0.01624086
-0.015270513
0.00603647
0.007486453
0.02306452
-0.006438381
0.024178693
-0.000633854
0.00253301
-0.020381488
0.006914878
-0.017067909
0.052707266
0.013578066
0.000427077
0.023182891
0.031186064
-0.024207462
-0.002132955
0.030117215
-0.011286148
0.024209106
-0.026248377
-0.003330026
-0.022428303
-0.028469298
-0.000431114
-0.001171105
-0.027384413
-0.02013609
0.012564635
0.004556107
-0.015214656
0.016548879
-0.025562038
0.019352321
-0.004482159
-0.031221985
-0.029837916
0.035614558
0.002498358
-0.028439198
-0.004774248
0.000135754
0.019691496
0.023642696
0.001655979
0.02502253
0.002086166
0.007330189
0.004659535
0.014280425
-0.014686099
-0.039504158
-0.021331167
0.007896299
-0.027491306
0.047624902
-0.012887069
-0.020097365
0.026772631
0.005921485
0.015017653
-0.038553528
0.017646843
-0.02261374
-0.010645676
0.029683224
0.008238508
-0.014380311
-0.000721193
0.001802009
-0.024085576
0.011701109
0.018129171
0.000780818
-0.018181126
0.00716092
-0.016276692
0.018182018
0.029969754
0.000827762
0.015128595
0.006125019
-0.012445497
0.017541841
