0.066753051
-0.00544219
-0.008094185
-0.001188503
0.018664315
-0.079832835
0.004845517
0.035707627
0.020865704
-0.015576541
0.046262867
0.010683669
0.008965454
0.01065351
-0.004070442
-0.0245345
0.010905365
-0.055629776
-0.00418995
-0.005294224
-0.010285511
0.00354759
0.022222429
0.018962644
0.029407617
-0.0072259
0.027479005
0.026915778
0.005764034
-0.029392652
-0.003169575
0.012850644
0.002260936
-0.005458148
0.020116532
0.041579525
-0.023932009
-0.025956306
-0.000921075
-0.007631418
0.011482772
0.004978978
-0.003087481
-0.048094649
-0.045419058
-0.01936384
0.037063417
-0.009621129
0.088865206
0.021956576
-0.004476283
0.029724303
0.015448911
-0.024361675
-0.014271732
-0.009741427
-0.011770834
-0.003021581
0.021688414
-0.016960542
0.000284099
-0.007184021
0.009000346
0.029943026
0.01686307
0.021362271
0.010643443
0.017302279
-0.004284652
0.006188777
0.015913832
-0.027809498
0.043922283
0.039971162
0.053195608
0.037921767
-0.022660481
0.046654037
-0.06223292
0.016204162
0.001606068
0.058185638
0.034027716
-0.007098304
-0.012979971
0.045722249
0.017438877
0.014994291
-0.011147011
-0.017331863
0.007587857
0.032142734
0.038285214
0.022379566
0.025403651
0.00601961
-0.046021536
-0.013451654
0.038701547
-0.049070797
0.012400951
-0.013250747
0.00860183
-0.04800759
0.075596648
0.014446382
0.01560707
0.022271932
0.014230961
0.036907203
0.02590669
0.00011325
-0.004726501
0.027245632
0.003352946
0.035564536
0.002753268
0.036895044
0.011393058
-0.030478653
0.021678098
0.030607853
-0.016142307
0.007518539
0.043023839
0.046858412
-0.001906148
-0.023559654
-0.133986323
-0.349694567
-0.131979959
-0.015002864
0.110457028
-0.045085899
-0.039013264
-0.056723666
0.077861661
0.08048607
-0.014540497
0.071972166
-0.032696581
0.041295246
-0.029273611
-0.024401892
-0.052754972
0.041470282
0.003413353
0.052586764
0.035756488
0.001284562
0.002685195
-0.01296074
0.010870271
0.043880179
-0.035358219
0.00525293
0.018769361
-0.041265716
-0.000434129
-0.002078535
-0.004662752
0.036193617
0.034136865
0.001539794
-0.020748284
0.033161032
0.002677681
-0.017386182
-0.012049889
0.010228053
-0.042969351
0.005906427
-0.029081513
-0.030819769
0.032742302
-0.017405082
-0.02017746
0.007272014
-0.013285123
0.054121649
0.014993659
0.007771577
-0.001073118
-0.009570852
-0.006252618
0.025679563
0.009692214
0.011582347
-0.018078792
-0.003408424
0.023774323
0.014867932
0.048389377
0.014010949
-0.004234765
0.053746381
0.047546219
-0.034575759
0.019382859
-0.040172342
0.007080407
0.012108243
-0.019195236
-0.001341015
-0.013616944
0.022538511
0.033398292
-0.014458866
0.011651595
0.039083934
-0.010592388
-0.076031708
-0.09214873
-0.209765238
0.067698053
-0.046421601
-0.012152754
0.045972601
0.05255363
0.027701434
-0.023062381
0.036992621
0.017074812
0.003264171
-0.044414343
-0.006361934
0.02841809
0.005617297
0.014956227
0.030456509
0.029717311
0.0047803
-0.065961772
0.029260871
0.005556102
0.003444137
0.022566018
0.006643594
-0.021764138
0.001782904
0.034042547
0.005821359
0.020960659
-0.024372445
0.003240951
-0.040255558
0.000562488
-0.001739292
0.033341842
0.008937442
-0.002846828
0.030861115
-0.008686047
-0.015572798
0.015733389
0.021556798
-0.010020952
-0.00030401
0.030729274
-0.011125264
-0.020354297
-0.005250833
0.002247436
0.02657588
0.01801196
0.0285001
0.003979476
0.015344103
0.015364952
0.023773826
0.022762658
0.025071551
-0.002198947
-0.014851801
-0.097767473
0.01034191
-0.072862062
0.02043991
0.007840665
0.021271061
-0.040784556
-0.070244454
0.029715248
0.003438563
0.029544505
0.027845589
-0.016947086
-0.01203146
0.017320095
0.002272245
-0.009089987
0.026383494
0.030373202
-0.02477614
-0.007320532
-0.009720559
-0.00123454
-0.014502193
0.035032499
0.035128364
0.050135759
0.013927391
0.02302841
0.005890138
0.0375848
-0.003529346
0.013372906
0.002280608
0.047057423
-0.024082803
-0.02427835
-0.02241362
0.007169223
0.031597567
0.01111522
0.009697685
-0.054020038
0.017667299
-0.0169752
-0.000488005
0.002344105
0.043587959
0.02719386
0.015573156
0.016596074
-0.004774621
0.012819084
0.00434873
-0.054234215
0.026677374
0.009608091
-0.009913067
-0.016892873
0.000376806
0.040216268
0.003516644
-0.010512875
-0.003071337
-0.000333274
0.037479932
0.01585752
-0.009320995
-0.005164541
-0.004246556
-0.015586077
0.019442539
0.003605553
0.024634671
0.009343438
0.010318508
0.037629616
0.004474977
0.02184607
0.012832304
-0.001423115
0.014497529
0.032783028
0.010332948
0.005996813
0.003203714
-0.028563935
-0.016920488
0.03231074
0.039890735
0.032866719
0.039990306
0.031177702
-0.000727954
0.055595122
-0.00748019
-0.020054424
-0.012146132
0.02017633
0.028025067
-0.025229413
0.023713941
-0.018955898
-0.025810918
-0.002743936
0.006475894
-0.045009045
-0.025522029
0.04560392
-0.001301756
-0.016524849
0.014016026
-0.036944569
0.015069054
0.03821873
0.065661901
-0.01198441
0.031866561
0.015165736
-0.093578117
0.011933646
-0.08953576
-0.013468843
0.014264956
-0.018254738
0.027797389
0.021490601
0.033802263
0.016864165
0.010640784
-0.039331496
0.021609401
0.042262397
0.014713498
0.04106225
0.00801855
-0.085234974
0.04172325
0.028042358
-0.016915204
0.077772005
-0.003149404
0.018518763
-0.009555436
0.025054937
0.012950932
0.035429777
-0.003747291
-0.008570911
0.006191758
-0.033716854
0.005174451
0.005874856
-0.026335513
-0.016747906
0.009201713
0.03710988
0.026641469
0.027261619
-0.03985136
0.037364462
0.008573375
-0.0156814
-0.001318843
0.009607526
0.06293109
0.030782624
0.070958872
4.49287E-05
0.049191224
-0.002855837
0.019280116
-0.028694359
0.001727225
0.052231742
0.019805181
0.073891334
0.066982252
0.060757726
-0.127294615
0.058929709
-0.010921875
0.047457375
-0.024203161
-0.078625221
0.012044746
-0.08586197
0.034522708
-0.050526691
-0.026591595
-0.024958322
0.000227439
0.054726957
-0.056168276
-0.011755178
-0.085142422
0.062156196
0.062086651
0.004708923
-0.000977228
-0.023495955
-0.015364144
-0.030255781
-0.027007176
-0.021689941
0.043283044
0.039955964
0.02295405
0.019350648
0.003352435
-0.008362938
-0.031881622
0.072098945
0.023536985
-0.031930125
-0.002201194
-0.013450186
-0.041616486
0.024853236
-0.022522211
-0.007281766
0.021313667
-0.004908469
0.01966194
-0.111983336
-0.01288225
-0.023635739
-0.033342877
0.040940477
-0.007631463
-0.047202148
-0.064717312
0.031614267
-0.052393408
0.013979164
0.077562117
0.020989711
-0.024216152
0.047853693
-0.045237408
0.053429664
0.017055916
0.025942972
-0.027964025
0.002089213
0.008445159
-0.035120743
