-0.029046228
0.016291262
0.025054692
0.00490792
0.015844242
-0.00959607
-0.007345738
0.046065917
0.014951649
0.017328276
0.004704515
0.019575361
0.008713043
-0.009313796
0.011065523
0.008952009
-0.00342241
-0.025352022
0.036620917
0.050663567
-0.023130073
0.00011781
0.006135005
-0.071379261
0.035089928
-0.022037398
-0.002827319
-0.031592087
-0.070207634
0.042439871
0.012542952
0.042989384
-0.009448499
0.025370009
0.040198354
0.017250458
0.003805559
0.0029181
-0.010719664
0.007515017
-0.00308824
0.033756242
0.018397163
0.009251697
-0.00803818
0.003415989
0.015202914
0.041023279
0.013286417
0.018230075
-0.010750478
0.026072216
0.038836847
0.025751213
0.024664924
-0.051430486
0.043965078
0.01841866
-0.039500108
0.046720973
0.020555623
0.027155922
0.007372434
-0.040801635
-0.02606184
-0.032688642
0.020966921
-0.054307414
0.073208368
-0.005334931
0.050641401
-0.009343069
0.021648459
0.002727021
-0.039642934
0.001194253
-0.00408037
0.045011091
-0.00225583
0.026396101
-0.106795424
-0.058904595
0.021167334
-0.091851114
0.077611771
0.021117471
-0.013187525
-0.00130084
-0.002900334
-0.005517965
0.00424982
-0.020637104
0.022944175
0.021342522
0.01105713
0.007452863
0.027306469
0.021811199
0.028201248
-0.00301941
0.003860474
0.007395431
0.016272984
0.007234388
0.017735384
-0.004511087
0.012131259
-0.001137747
0.022085191
-0.011734342
0.009438747
0.007506433
0.006458954
-0.00831898
-0.009138648
0.005752542
0.00908825
-0.01677512
0.006676874
0.021748492
-0.028393065
0.022392762
-0.013547901
-0.01572461
0.005032272
0.010908145
-0.003350608
0.001418922
-0.012564912
0.000141567
-0.004230119
0.011907064
0.013116072
0.008097124
0.027386961
0.014856612
0.00504263
0.015828679
-0.009901838
-0.00190201
0.015397285
0.00280319
0.029317375
0.006755442
0.006777905
-0.006582418
0.022213956
0.002627441
0.005040236
-0.010816857
-0.003969789
0.008221117
-0.020686968
0.040330474
0.018866769
-0.003132525
0.003223646
0.002128783
0.015434662
0.001099675
2.94183E-06
-0.004145677
0.012182732
-0.018849452
-0.006680628
-0.001729184
-0.002993806
0.001926519
0.011693994
-0.004292389
0.028167508
0.011049858
-0.001148819
0.006430363
-0.005455201
-0.012156723
-0.005828976
0.000455963
0.005341683
0.025773912
0.000345708
-0.004042039
-0.003767296
0.009492352
0.003437138
0.000875773
0.007184015
0.012051577
0.020040399
0.016949147
0.010780552
0.011742437
0.007492375
-0.028894739
-0.022138386
-0.002502645
0.011085188
0.003031785
-0.003921154
-0.039010454
-0.032489699
-0.036194433
-0.030747858
-0.048931757
0.014705418
-0.094553547
0.03446383
-0.006516368
0.010722145
0.020399114
0.025262452
0.032492368
0.006513168
0.023033832
0.000826961
-0.01781073
-0.008812098
0.00698724
0.004112814
-0.004687675
0.02307735
-0.041607635
-0.027609372
-0.078522634
-0.014023938
-0.108923963
-0.012618293
-0.033345863
0.046171585
-0.060905607
-0.064208785
0.026554548
0.027867893
0.015384279
0.041762265
0.012670982
-0.069598781
0.018432701
-0.047938327
0.010328651
-0.038024719
0.078219881
0.035905592
-0.040577017
-0.039200586
-0.023191841
0.026704714
0.015476514
0.022906876
0.048385623
0.041274105
-0.003998243
0.011004501
0.001338225
0.001173874
-0.013118124
0.025544121
-0.019273373
0.026725357
-0.024392615
0.006012603
-0.006788439
-0.01869607
-0.016548626
0.003802019
-0.008106378
-0.032425721
-0.020047933
-0.009646428
-0.016670358
-0.010847348
-0.002624401
0.010214901
0.034727695
-0.017976393
-0.012646417
-0.059064495
-0.019690959
0.035486838
0.004547135
0.035487984
0.011073315
0.033273055
0.004508774
-0.006169221
0.018939151
0.007281508
-0.009289172
-0.013585495
-0.051101831
-0.009814443
-0.013314039
-0.052829952
0.051084231
-0.007484
0.011237459
-0.042257006
-0.011129839
-0.00801284
0.026520176
-0.018158184
-0.043808775
0.035564273
-0.012213424
-0.02462043
-0.041031664
0.023129683
-0.0848254
-0.078696372
0.043993549
-0.063774494
0.04006062
0.019842452
0.048575839
-0.00500168
-0.046716912
0.020334352
-0.024815677
-0.07591362
-0.036669106
0.029300944
0.016716395
0.03064909
-0.096524628
-0.029116324
0.057139203
-0.078711034
-0.008363819
0.121390597
0.061319488
0.070666503
-0.050572627
0.018661545
-0.04953902
-0.016652554
0.013483577
-0.011744764
-0.004274204
-0.000188084
-0.044763317
0.027840583
0.030704111
0.005284242
0.000720692
-0.00793142
0.024141189
-0.044248517
-0.008429545
-0.015914072
-0.000468086
-3.02848E-05
0.042242503
-0.007701732
-0.004707991
-0.012463865
0.003267482
0.057903594
0.017470471
0.015144432
0.007600029
0.064455314
0.034894743
-0.037733978
0.033888453
0.007822338
-0.011435877
0.024964484
-0.009824621
-0.005644243
-0.033247079
-0.02081053
0.00498843
0.006648092
0.020996371
-0.002894083
-0.01259485
0.033130605
0.011400527
0.001956838
-0.012192051
0.020825471
-0.001677036
0.001414036
-0.037607773
-0.004830076
0.020841779
-0.022786648
0.006715464
-0.016727288
-0.02333302
-0.067194921
-0.000717629
-0.059239818
0.003404267
-0.036715403
0.057738606
-0.002485196
-0.010007063
0.029181506
0.055261348
0.012979231
0.005176344
0.056469415
-0.020386619
-0.040591799
0.015092251
0.020618538
0.004770124
0.04140044
-0.035223734
-0.020353412
0.006971076
0.018295081
-0.008924368
-0.007726616
0.021113502
0.000129023
0.025035387
0.018673143
0.009870798
0.000987662
-0.033522884
-0.004886241
0.00720168
-0.004305142
0.011633393
-0.031457218
0.024308309
0.006643025
0.002611385
-0.01514248
0.005684489
-0.029753503
-0.005228439
-0.001708339
-0.019180655
0.012427836
0.016976272
-0.011054056
-0.006185521
0.000217738
-0.016683165
-0.006053123
-0.017960929
0.005921895
0.00515611
-0.012740517
0.021383459
0.016657224
0.000940798
-0.006911133
-0.016773417
-0.056930867
0.031439256
-0.024263864
-0.016496498
0.006407641
-0.085750105
0.000156438
0.00273491
-0.046796423
0.03435345
-0.0357603
0.028699901
0.001904588
0.027132697
