0.012535332
0.021470865
0.021550016
-0.004677874
0.013127438
-0.013500483
-0.005237293
0.018211765
0.007286866
0.004793923
0.016906748
-0.021021873
-0.003450984
-0.017116107
-0.001439655
0.009294488
-0.001746078
-0.007761868
-0.012567298
-0.018105964
-0.005795198
0.01864498
-0.008402035
0.029475818
0.005887518
0.005169333
0.014053466
0.022265322
0.009543358
0.017682826
0.008309412
0.010133082
0.016822467
-0.012807466
0.019789375
-0.015790429
0.001393461
-0.023170435
0.032870667
0.012616824
0.014035155
0.017396533
0.019288566
0.001338151
0.035899495
0.013073199
0.007189712
-0.006722928
-0.008350068
0.035594236
-0.00194227
-0.026108299
0.002374895
0.0061653
-0.008837454
0.046390661
-0.010966944
-0.011586086
0.015881186
0.015954339
0.015031282
-0.039882586
-0.032692362
0.015453778
-0.008753159
0.001056122
0.036604364
0.016551322
0.014034063
-0.01279369
-0.012149645
-0.064274113
0.019660433
-0.011407291
0.013098767
0.008917364
-0.010693488
0.019615046
0.023138545
0.000243299
-0.037088703
0.045687694
0.020214767
-0.011449978
-0.013640587
-0.003277299
-0.018735719
0.052916867
0.028227447
0.019605514
0.027834799
0.015278475
-0.007537995
0.027996713
-0.004987542
0.016136706
0.005838374
0.008472156
0.025626866
-0.026959812
0.016518649
-0.044084842
0.009621683
-0.009164749
0.03758804
-0.005055571
-0.055135514
0.037115771
0.016283424
0.01353796
0.024375252
0.006702986
-0.012856851
0.017506132
0.006885321
-0.006301625
0.023009411
0.008831472
0.042843501
-0.007731608
0.014268755
-0.039288863
-0.024419086
0.002989919
0.019904753
0.001990607
-0.010338188
-0.042619677
-0.166634221
-0.102191921
0.065052792
-0.028767823
0.014976175
-0.005922615
-0.044610056
0.023035274
0.03774808
0.020270425
-0.021157629
0.04353919
-0.051844381
-0.013021231
0.027440188
0.011284236
0.017490178
0.009886292
0.019938022
0.013335785
0.004022052
-0.001524986
0.000967334
-0.041145885
0.028346309
0.022642758
-0.058534805
0.029506112
-0.013279597
-0.027297608
-0.007767645
0.009542548
0.049697997
0.017948866
0.010733294
0.004399127
-0.017123205
0.003830576
-0.009975329
0.002521695
-0.028170877
0.03914745
-0.041435781
-0.004323959
0.001379575
0.001492395
0.016496705
0.012855665
0.003151244
-0.004005643
0.010278495
0.007767883
0.010854086
0.015796872
-0.008279256
-0.020746956
-0.035412804
0.019444327
0.017321236
0.016056014
-0.010190895
0.007490672
-0.001082134
0.008445541
0.009190717
0.015900711
0.009067757
0.027124123
0.005237196
-0.014876558
-0.01138182
-0.013148523
0.023986422
0.008768571
-0.021051258
0.006382562
0.013218222
0.009240191
0.0269261
-0.000716519
0.00399942
-0.007687835
0.037483531
0.005215054
0.004314799
0.019862577
-0.009588567
-0.010398815
0.016494517
-0.015995391
0.028197733
0.017790534
0.006886548
0.018435728
0.007522313
-0.003696221
-0.002781159
0.017114101
-0.00402921
-0.010882503
0.002919373
-0.003962005
0.03373347
0.00014007
-0.043599034
0.002162921
-0.003802842
-0.008979232
0.007043009
0.004014952
0.004930646
0.014303502
0.011977899
-0.028495725
0.017263495
0.02812628
-0.032435888
-0.028948583
-0.021388947
-0.003579341
0.014091327
-0.005227121
-0.013158085
0.012796584
0.015130963
-0.000237452
0.00848352
0.006630118
-0.002664365
0.002430419
-0.003515766
-0.025835699
0.007351761
0.024745114
0.031974713
0.014832949
0.00436021
0.011297687
-0.000164415
-0.016022442
-0.011088823
0.014036299
0.002966497
0.008243206
-0.01977023
-0.004406344
-0.049500644
0.00504121
-0.071640866
0.023848557
0.000616732
-0.005719336
-0.018588012
-0.037130669
0.020569781
-0.035996629
-0.005441055
0.045283842
-0.027896717
0.00659008
0.045952434
-0.013733069
0.006056992
0.036956063
0.000818046
3.02851E-05
0.001966569
-0.013388303
-0.046909563
0.014912809
0.043448772
0.031889697
0.049109985
0.030122345
-0.010570001
0.007095325
0.022665002
-0.004262467
-0.017913178
0.019993401
0.009518957
-0.015397398
0.045319437
-0.019891759
-0.006474041
-0.004691627
-0.02661184
0.020463682
0.017392201
0.005990537
-0.022160699
-0.004150377
-0.009374901
0.004671651
0.006434668
0.01437429
-0.006685819
0.023929643
0.007066078
-0.001691311
0.00176812
0.015370652
-0.016959255
-0.01259274
0.004792569
-0.000155075
0.003560651
-0.029960676
0.041586034
-0.012449888
0.012857137
-0.007638012
0.01889868
-0.048673163
-0.005244489
0.009304606
-0.006255217
0.015187238
0.040500675
0.043513883
0.002418613
0.006365728
-0.006293977
-0.018806305
0.008493341
0.007918498
-0.021493697
0.017217312
-0.014599862
-0.013032544
0.012592704
-0.003991826
-0.008105988
-0.024364883
0.05373897
-0.015664473
0.005378254
0.011510606
-0.000816091
-0.002548568
-0.007781952
0.005854194
-0.017862833
-0.012328602
0.003895352
0.022162997
-0.00631714
0.016486148
-0.014903118
0.027127306
-9.47396E-05
-0.010500471
0.000980897
-0.011254177
0.010751887
-0.003883314
0.008513946
-0.005923396
0.000862028
-0.032969351
0.012585894
0.015272284
0.010672511
-0.007214211
0.012129159
0.001538371
0.014882205
0.001629651
0.013309807
-0.009525309
0.017253888
-0.000478442
-0.009847333
-0.003434964
0.000784857
0.010855328
0.020558727
-0.002171408
-0.029404185
0.017319719
0.026015616
0.008472482
-0.017753188
-0.000535487
0.008002354
-0.019991721
0.013305259
-0.011274481
-0.01272631
0.014730477
0.000629695
0.006208207
0.013030006
0.00090379
-0.01794119
0.003694544
-0.009521529
0.016426096
-0.017238718
0.016239396
-0.006464147
2.23621E-05
0.003014303
0.004271419
0.012311242
0.008928533
0.006541917
-0.014133743
0.010781482
-0.011767405
0.008534281
0.001368301
0.001626493
0.009875452
-0.003137493
-0.003428094
0.001510672
0.002347798
-0.005284912
-0.001017041
0.009480991
-0.009589247
0.011795737
0.006951729
-0.006459682
0.014059612
0.000274126
-0.002321901
0.018425982
-0.019335102
4.2303E-05
-0.004451612
-0.012570983
0.004829009
0.005040161
-0.001876413
-0.050312003
0.005595359
-0.004003092
-0.009682362
0.022175148
-0.000332009
-0.022907149
0.027258776
0.005824
0.002822852
-0.001246324
0.007737025
-0.016460917
-0.012123783
-0.003356609
0.005810981
0.006375462
0.002145615
0.019452929
-0.002516925
0.010524479
0.008263802
0.01370015
-0.00953002
-0.004660624
-0.015780862
0.007233344
-0.02458935
0.026008278
0.010280614
-0.016443895
0.00839509
-0.002339233
0.000429627
-0.034277836
0.00832213
-0.005436958
0.008254295
0.010146821
0.002716005
-0.000325531
0.002081572
0.017265133
-0.004844485
0.006312398
0.022678806
0.006937785
0.001093223
0.001194989
-0.005181733
0.017928318
0.007675598
0.014918328
0.004857795
0.003159747
-0.004446252
0.015212857
